0 0.8080904080191406 0.39578094797173613 0.008182649632500016 0.034046921515416606
0 0.7583036031428907 0.4475116335343055 0.01105182926828121 0.03116531165305558
2 0.7959296584900392 0.4500444665549306 0.00913461538460938 0.01623931623930556
0 0.6737846778518359 0.3975293798814583 0.008413461538515677 0.027350427350416675
0 0.69217410092875 0.3460336533856945 0.01201923076921867 0.0397435897436111
0 0.6224803453841016 0.3869238594572222 0.005650116039921915 0.02121104084833334
0 0.590645392042422 0.3865755058093056 0.007038736073437501 0.02447185070833334
0 0.5884481393903125 0.32594818330027775 0.009375 0.026068376068333322
0 0.7987835284684375 0.41045342458333334 0.007508116883124938 0.037157287157222246
0 0.7807716192785156 0.41230105404548617 0.007582133735781227 0.03749709774791662
