0 0.3178898145884766 0.21436885430152774 0.013995250096953127 0.05829132738777775
1 0.4366495082682421 0.21188080983986113 0.013995250096953082 0.05900219723416665
1 0.7717088516963673 0.27861763944083334 0.02697180220679689 0.09365209099583333
1 0.6341105135342578 0.3664970496425 0.012103461473046816 0.051766173385555524
1 0.5500099491085156 0.4145261249356944 0.005044210328281196 0.019487034772499988
1 0.5396785415840235 0.42202607593263886 0.0038792082789844253 0.014827450358611098
1 0.4669156243829688 0.3785932411980555 0.004622198667499955 0.016656571774722236
2 0.43024370282730473 0.3695222803563889 0.004311304913984326 0.018093345212777796
0 0.31180764925062504 0.4276199184249306 0.005719719682187518 0.01676410333291669
1 0.48264843576550776 0.4305926354936806 0.0037543111707031506 0.011123884950416694
