0 0.2730915896753906 0.4244819984265278 0.006356358032968768 0.024319978560833358
0 0.4257331328487891 0.3582811875996528 0.005746517262265627 0.023763375731805585
1 0.4725797409650781 0.360613107648125 0.005996365838906304 0.02265293761347221
0 0.4579635992327734 0.4039201942622917 0.0029981829194531072 0.011104381183194473
1 0.5656640717790234 0.4147146407278472 0.00473613709820313 0.022452798094861098
1 0.5874213429259766 0.40008552110840273 0.010541576567734445 0.034597994889027775
1 0.48483841822730467 0.40592704192881945 0.002635394141953107 0.010091081842638832
1 0.5298755698318359 0.43331562942638885 0.002635394141953107 0.013334643863333343
1 0.5342341062973828 0.43205424419604166 0.003243562020859336 0.012253456523194473
1 0.4922705226527734 0.4331354315363889 0.003040839394609396 0.009730686062499987
