1 0.6478363975487109 0.3489986848732639 0.011822563835390643 0.05636616293208338
1 0.5918539709605077 0.3952366604329861 0.009996607212109421 0.025591314462916633
1 0.4609060532473828 0.3198507295852083 0.008018038359765622 0.03146710257458333
0 0.39733381291621095 0.31910003224506944 0.007585819370703106 0.03146710257458333
0 0.44908036168292964 0.3946617484897222 0.003144374428359331 0.01117999796722226
1 0.4806970110429297 0.39751076421375003 0.004052394596796826 0.011857006412777812
1 0.48953002042749993 0.43345383994611114 0.0038117026350000137 0.005683398911111147
1 0.540809799289297 0.42636942019958324 0.005432226507343696 0.014141034082777774
1 0.5330494757073047 0.42973222708513886 0.0027161132536718926 0.011209356285000006
0 0.180774588491875 0.41079121266972224 0.010270656584218751 0.02840280339361117
