0 0.37897485084128907 0.2418835112540972 0.010361585351015635 0.04584932207569443
1 0.488951328604336 0.25392786259833333 0.010545072610546847 0.047689342397499994
1 0.7470922194179688 0.32126995661944446 0.016016752428906232 0.06275188220361111
1 0.6044109939090625 0.3628793107033333 0.009032099282812478 0.045097738904722226
0 0.401094482025 0.4258892332049306 0.0029337442823437867 0.01618940530736113
1 0.4351123997278906 0.42658671240625 0.003471103927343755 0.014097440158611125
1 0.4631748780841406 0.42986221350861115 0.003963962345468719 0.016563401573333338
1 0.5030458050110937 0.47100020014430555 0.004110851920312531 0.015455991374444424
1 0.5152712409601172 0.4558365101018749 0.0035645249857031657 0.020600185278750002
0 0.09551952315753906 0.37915722046145833 0.009557897294296869 0.043666777302916654
