0 0.37850476345953127 0.0900752257813889 0.02196362515406247 0.08329908206611111
1 0.5509192209194531 0.08877367762409723 0.022695745992656224 0.08590217838069446
1 0.690754301067422 0.10699535182604167 0.021231504315624948 0.08590217838069444
1 0.8525745367985937 0.3256554422494444 0.016881840142968764 0.07288669680777779
1 0.5814498991937109 0.4242343859001389 0.00594181294382814 0.026776542051944494
1 0.5426208425140626 0.4377454851006945 0.0034545424092187636 0.017441600786111087
1 0.5010414093151563 0.4130737909261806 0.00273151149546873 0.01323190503124994
0 0.47110571140136714 0.38310148250027776 0.0050680656575781136 0.019100976345000003
0 0.47586244550898443 0.41093863257041663 0.002623410054531217 0.009549767817500054
1 0.5127468803253515 0.3870174490115278 0.003975950590859334 0.01916119522972216
