1 0.5771766338445703 0.415484034224375 0.004694476057109398 0.018617409320416636
1 0.5638154327590235 0.42230506781152777 0.005055589599921894 0.016851965333055573
1 0.4955556905167578 0.3843477159865278 0.005030999085234367 0.019937663041666713
0 0.4483856660083985 0.42332399373319446 0.004122780041484387 0.01733681863611112
0 0.40236757148308594 0.44406565302597223 0.00624744167007818 0.019961795606388933
3 0.5026803738262109 0.43448467462687496 0.003506568778984409 0.00906749098402781
3 0.49085367367167976 0.4309710218704862 0.0024227202472656196 0.006347243688749968
3 0.47734978719777343 0.43972793166888885 0.002613987635234416 0.00918083462138889
3 0.471033815390039 0.4286015663197222 0.002202321827734366 0.007921529674722195
3 0.34465595132742183 0.3672801053634722 0.006167229291093745 0.0238466199255555
3 0.5665395668430859 0.37281783981770833 0.004172585227265557 0.018623737373749963
3 0.4026984078353516 0.41686307311062504 0.006685432793828117 0.023275210467361123
